-0.024181770160794258
0.02387825958430767
-0.03939066082239151
-0.054288189858198166
-0.04802890866994858
-0.028832025825977325
-0.07499518245458603
-0.03769397735595703
-0.024474605917930603
-0.02268703654408455
0.0646858736872673
0.050137873739004135
0.014837507158517838
-0.04012122005224228
0.020957378670573235
-0.05167689919471741
0.02494017221033573
0.02950538881123066
0.04291395843029022
-0.016122087836265564
0.001996868522837758
-0.07551990449428558
0.0025474734138697386
-0.05582468956708908
