-0.027170440182089806
-0.04424332454800606
-0.07961273193359375
-0.013819931074976921
-0.008628417737782001
0.025744004175066948
0.02210298739373684
0.004648864269256592
-0.05701635777950287
0.02098257467150688
-0.01367879007011652
-0.008797640912234783
-0.06338106840848923
0.05979794263839722
0.011663397774100304
-0.051438748836517334
-0.007727800868451595
-0.042303137481212616
-0.042789723724126816
0.05839527025818825
0.036666154861450195
0.04560383781790733
-0.05606398358941078
-0.00637879129499197
