0.03523233160376549
-0.04222911223769188
-0.005025312304496765
0.024899465963244438
-0.030815985053777695
0.04188135266304016
0.02894316427409649
0.015207458287477493
0.059454936534166336
0.04431086778640747
0.028764495626091957
-0.036651838570833206
-0.059394702315330505
0.04376017302274704
-0.03688550740480423
0.030279800295829773
0.05117092281579971
0.026525160297751427
0.058224156498909
0.029317064210772514
-0.048593658953905106
-0.06612776964902878
0.0527699775993824
-0.0060120513662695885
