-0.012003466486930847
0.015887614339590073
0.03248188644647598
0.006511981599032879
0.011542685329914093
0.030641408637166023
-0.03305986151099205
0.024191370233893394
-0.07000550627708435
-0.03277112916111946
0.02458297833800316
0.05044092610478401
-0.06855595856904984
-0.05871020630002022
-0.025124114006757736
-0.009393775835633278
-0.03646150603890419
0.012812457047402859
0.006953392177820206
0.11426869034767151
0.014707226306200027
-0.008574468083679676
-0.010796235874295235
0.040630847215652466
