0.02850697934627533
-0.008018684573471546
0.050481174141168594
-0.013352717272937298
0.02340923622250557
-0.046839527785778046
-0.000818766828160733
-0.06395697593688965
-0.011164074763655663
0.006954264361411333
-0.0020551932975649834
-0.04528915509581566
0.03655333071947098
-0.011625973507761955
-0.05346930772066116
0.025407303124666214
-0.00995804462581873
0.0035088106524199247
-0.038033317774534225
-0.014848564751446247
0.016711492091417313
0.05797341465950012
-0.05595018342137337
-0.05196305364370346
