0.009450956247746944
-0.040285300463438034
-0.10988667607307434
-0.017470376566052437
-0.003475338453426957
0.09228897839784622
0.002195569220930338
0.03168347477912903
-0.09596043080091476
0.004497620277106762
-0.012772451154887676
-0.003438150743022561
-0.04453227296471596
0.05647309124469757
0.035221707075834274
-0.03414847329258919
-0.014472251757979393
0.014353670179843903
-0.059994425624608994
0.05681440606713295
0.02353488653898239
0.07224078476428986
-0.04336532950401306
0.022380687296390533
