-0.0024308841675519943
0.0274934284389019
-0.03407681733369827
-0.051060788333415985
-0.03946464881300926
-0.01167320180684328
-0.07836195081472397
-0.03604267165064812
-0.03752191364765167
-0.00790417194366455
0.06288783252239227
0.0460713766515255
0.028236132115125656
-0.04588104784488678
0.030097058042883873
-0.06256873160600662
0.023704254999756813
0.06180902197957039
0.03884688392281532
-0.02012164145708084
-0.0009948338847607374
-0.06605211645364761
0.010218046605587006
-0.03746356442570686
