7 
14 
20 
-1 
5 
-8 
22 
-21 
17 
-1 
-2 
-12 
6 
6 
-12 
-13 
-14 
-9 
-11 
23 
6 
-4 
-4 
1 
-1 
2 
4 
0 
1 
3 
-4 
3 
-8 
-4 
3 
6 
-8 
-7 
-3 
-1 
-4 
1 
0 
14 
1 
-1 
-1 
5 
5 
-6 
-1 
2 
0 
7 
2 
2 
-3 
3 
1 
0 
-5 
-2 
-2 
3 
0 
8 
5 
2 
-2 
-3 
-6 
0 
0 
0 
-1 
0 
6 
7 
-6 
1 
3 
2 
0 
7 
-2 
7 
-7 
-8 
-5 
-5 
4 
10 
0 
-8 
8 
7 
-3 
-5 
-10 
-1 
-1 
3 
2 
0 
-7 
2 
-1 
-1 
-8 
7 
1 
-6 
0 
-5 
-5 
7 
4 
5 
-7 
0 
-2 
7 
-2 
4 
9 
8 
6 
6 
7 
-6 
0 
-5 
-6 
0 
-2 
-2 
10 
-4 
3 
0 
-2 
-3 
-6 
-1 
-7 
0 
-7 
-5 
-4 
-5 
4 
5 
-4 
-7 
-5 
0 
5 
2 
-4 
0 
0 
0 
9 
-5 
-4 
1 
0 
-1 
3 
-1 
6 
-1 
2 
-5 
0 
-8 
-1 
0 
0 
-5 
4 
-1 
-6 
3 
-1 
0 
-4 
-1 
2 
7 
-7 
-6 
0 
3 
-4 
-6 
-5 
-1 
-10 
-4 
-4 
-1 
8 
5 
3 
-5 
3 
-8 
3 
7 
4 
-2 
0 
-8 
1 
-4 
-5 
4 
-5 
5 
3 
4 
-2 
-6 
0 
-4 
3 
1 
8 
0 
-4 
8 
1 
5 
-6 
2 
0 
-6 
6 
-3 
4 
-5 
0 
3 
-3 
5 
3 
1 
7 
5 
3 
-4 
-7 
5 
-4 
3 
6 
3 
7 
3 
-6 
-8 
6 
0 
0 
-6 
-6 
