-0.0898672491312027
-0.0074052875861525536
-0.07525794953107834
-0.04720286652445793
-0.037056319415569305
-0.01676889695227146
0.03414630889892578
0.00801432877779007
-0.06002343073487282
-0.07247492671012878
-0.03890249505639076
0.019899584352970123
0.02146793343126774
0.023760434240102768
-0.04147578775882721
0.012107696384191513
-0.0038930040318518877
-0.047893937677145004
0.07015538215637207
-0.04666002094745636
-0.04814951494336128
0.001701379893347621
0.020856641232967377
0.015199359506368637
