0.08167514204978943
-0.04525260254740715
-0.043381527066230774
0.009058001451194286
0.016887767240405083
0.10738378763198853
-0.0058957552537322044
0.08571692556142807
-0.06920812278985977
-0.03882833197712898
0.008428319357335567
0.021796444430947304
-0.0018240854842588305
-0.027468735352158546
0.024644384160637856
0.034539446234703064
-0.015055892057716846
0.1437038630247116
0.017191769555211067
0.034878961741924286
-0.007960120216012001
0.0001482851366745308
-0.034254785627126694
0.004349678289145231
