0.016491921618580818
0.028048105537891388
0.048858512192964554
0.1484636515378952
0.030644038692116737
0.0264040008187294
-0.10088744759559631
-0.29396381974220276
0.23764604330062866
-0.009713361971080303
0.09561831504106522
-0.015663690865039825
-0.7308012247085571
-0.12050319463014603
-0.03901619464159012
-0.08532935380935669
0.02882593870162964
0.01932154968380928
0.0035650727804750204
-0.21743610501289368
-0.42002609372138977
-0.0007295508403331041
0.0010967373382300138
-0.3057122528553009
