0.04484092816710472
-0.0496196374297142
-0.0094180628657341
0.018368283286690712
-0.006548750214278698
0.059205494821071625
0.016988102346658707
0.018931645900011063
-0.02427375316619873
0.024534352123737335
0.009384154342114925
0.0068968492560088634
-0.04289679601788521
-0.017912371084094048
-0.02201211079955101
0.025670524686574936
-0.006725976709276438
0.06727946549654007
0.04062899947166443
0.018692241981625557
-0.015834428369998932
-0.024636942893266678
-0.05203552171587944
0.004533958621323109
