-0.017414933070540428
0.06190330535173416
-0.022363809868693352
0.0327131561934948
0.075330451130867
0.06730566918849945
0.054458506405353546
0.051172930747270584
0.06132063642144203
-0.05449862405657768
-0.006984498351812363
-0.04393943026661873
-0.05068212375044823
0.0003219296340830624
-0.021638929843902588
-0.019755521789193153
0.0834740400314331
-0.03265196457505226
0.02673851139843464
0.0027047633193433285
-0.016796689480543137
-0.02740081213414669
-0.053498998284339905
-0.012084872461855412
