-0.24180442094802856
-0.00983218289911747
0.0383092537522316
-0.011502662673592567
0.009941721335053444
0.013217653147876263
0.004885525908321142
-0.051615189760923386
-0.01558754500001669
0.02203391306102276
0.0033763789106160402
-0.06855766475200653
0.037675563246011734
-0.1997963786125183
-0.2735661268234253
-0.5877542495727539
-0.016059182584285736
0.16517765820026398
-0.04061867669224739
-0.18626274168491364
-0.4688355624675751
0.06923778355121613
-0.07204483449459076
-0.057195715606212616
