-0.055654823780059814
-0.005090794991701841
-0.05788225680589676
-0.045875433832407
-0.03679030016064644
-0.041762374341487885
0.03685813397169113
0.040105193853378296
-0.03658311069011688
-0.05592215433716774
-0.04178033024072647
0.006838248111307621
0.040266118943691254
0.016822634264826775
-0.03752948343753815
-0.004708106629550457
0.004990037064999342
0.0027002973947674036
0.07379096746444702
-0.046869102865457535
-0.03441143035888672
0.010427010245621204
0.002746067475527525
-0.007920283824205399
